# metrics [margin, acc, auc, tnr, npv, seg_s] / CV=3 / Randomforest 10/2
hop = [array([0.75      , 0.63423358, 0.63054619, 0.65635749, 0.68911647,
       0.67114966]), array([0.9       , 0.63125607, 0.63507327, 0.56254627, 0.68376896,
       0.61576689]), array([1.        , 0.63816268, 0.63816268, 0.5155966 , 0.68591449,
       0.58683561]), array([1.1       , 0.63854665, 0.6320662 , 0.49597135, 0.6653471 ,
       0.56520355]), array([1.2       , 0.65521697, 0.63851682, 0.4548127 , 0.68078591,
       0.54526403]), array([1.3       , 0.66153825, 0.63154962, 0.40163428, 0.69463599,
       0.50559001]), array([1.4       , 0.66710115, 0.62443111, 0.36840955, 0.69345979,
       0.47577046]), array([1.5       , 0.67984747, 0.63059789, 0.38434916, 0.67653111,
       0.48893604])]
hop2 = [array([0.1       , 0.90909205, 0.5       , 1.        , 0.90909205,
       0.95238158]), array([0.75      , 0.64434518, 0.63944685, 0.67373509, 0.69421677,
       0.68348335]), array([1.        , 0.64469071, 0.64469071, 0.50452641, 0.70149088,
       0.58664464]), array([1.5       , 0.68178795, 0.63231181, 0.38492988, 0.68312621,
       0.49076155]), array([2.        , 0.70412123, 0.57733123, 0.19696125, 0.69955466,
       0.3073755 ]), array([5.00000000e+00, 8.33453882e-01, 5.00361644e-01, 7.23288984e-04,
                  nan,            nan])]
